Motif	Observed	SimMean	Enrichment	Pvalue
CGCTGGCG	778	77.85	9.99	0.000999
CGCCAGCG	734	78.06	9.40	0.000999
CCAGCGCC	726	78.41	9.26	0.000999
CGCCAGCA	688	75.09	9.16	0.000999
CCGCCAGC	663	77.86	8.52	0.000999
GGCGCTGG	662	77.12	8.58	0.000999
TGCTGGCG	629	74.93	8.39	0.000999
CAGCGCCA	628	75.29	8.34	0.000999
GCTGGCGG	612	77.34	7.91	0.000999
GCTGGCGC	599	77.88	7.69	0.000999
GCGCTGGC	591	78.16	7.56	0.000999
GCCAGCGC	590	78.15	7.55	0.000999
GCGCCAGC	582	78.13	7.45	0.000999
TGGCGCTG	548	75.06	7.30	0.000999
TGCGCCAG	528	75.27	7.01	0.000999
GCCGCCAG	523	77.65	6.74	0.000999
TCGCCAGC	521	75.58	6.89	0.000999
GCTGGCGA	518	75.47	6.86	0.000999
CCACCAGC	509	75.63	6.73	0.000999
GCTGGTGG	499	74.79	6.67	0.000999
CGCCAGTT	498	72.89	6.83	0.000999
CTGGCGGC	496	77.39	6.41	0.000999
CACCAGCG	494	75.13	6.58	0.000999
CTGGCGCA	492	75.39	6.53	0.000999
AGCGCCAG	492	75.36	6.53	0.000999
ATCGCCAG	490	73.31	6.68	0.000999
GCCAGCAG	489	75.43	6.48	0.000999
CTTCCAGC	486	73.13	6.65	0.000999
TCCAGCGC	485	75.61	6.41	0.000999
CTGGCGCG	482	77.53	6.22	0.000999
GCTGGAAG	482	73.00	6.60	0.000999
CGCTGGTG	479	74.77	6.41	0.000999
TGGCGGCG	473	77.57	6.10	0.000999
CCAGCCAG	473	75.39	6.27	0.000999
CGCTGGCA	467	75.44	6.19	0.000999
CGCCGCCA	467	77.86	6.00	0.000999
TTCCAGCA	467	71.07	6.57	0.000999
GCTGGCAG	466	74.70	6.24	0.000999
AACTGGCG	466	73.30	6.36	0.000999
CTGGCGAA	459	72.99	6.29	0.000999
CTGCCAGC	458	75.47	6.07	0.000999
TGCCAGCG	458	75.09	6.10	0.000999
TTTCCAGC	457	70.79	6.46	0.000999
CTGGCTGG	451	75.48	5.98	0.000999
CTGGCGAT	440	73.16	6.01	0.000999
CATCGCCA	439	72.71	6.04	0.000999
TTCGCCAG	439	72.81	6.03	0.000999
TTCCAGCG	438	72.84	6.01	0.000999
CCAGCAGC	436	75.63	5.77	0.000999
CGGCGGCG	435	80.10	5.43	0.000999
TGCCGCCA	435	75.16	5.79	0.000999
CGCGCCAG	433	78.24	5.53	0.000999
CCAGCGCA	431	75.31	5.72	0.000999
CTGCTGGC	429	75.17	5.71	0.000999
CAGCAGCA	428	73.08	5.86	0.000999
CTGGCGCT	427	75.56	5.65	0.000999
CTGCGCCA	425	75.68	5.62	0.000999
TGGCGGCA	419	74.75	5.61	0.000999
CAGCCAGC	416	75.08	5.54	0.000999
CGCCGCCG	415	80.23	5.17	0.000999
CCAGCGCG	415	78.25	5.30	0.000999
TGGCGCAG	415	75.48	5.50	0.000999
CCGCTGGC	414	77.89	5.32	0.000999
GCTGGCAA	414	72.96	5.67	0.000999
TTTCGCCA	414	70.99	5.83	0.000999
CGCTGGAA	412	73.50	5.61	0.000999
GCCAGCCA	411	75.84	5.42	0.000999
TTTTCCAG	411	68.30	6.02	0.000999
GCTGGCTG	410	74.29	5.52	0.000999
GCTGCTGG	410	75.03	5.46	0.000999
TGGCGAAA	410	70.40	5.82	0.000999
TGCTGGTG	407	72.78	5.59	0.000999
CTGGAAAA	406	68.52	5.92	0.000999
GCGCTGGA	404	75.05	5.38	0.000999
CGCCAGCC	402	77.97	5.16	0.000999
TGCGCTGG	400	75.35	5.31	0.000999
GGCTGGCG	400	78.04	5.13	0.000999
ACCGCCAG	400	75.84	5.27	0.000999
TCCGCCAG	399	75.37	5.29	0.000999
TGCTGGCA	397	72.51	5.48	0.000999
GCTGGAAA	396	70.90	5.59	0.000999
TTGCCAGC	395	72.74	5.43	0.000999
CGCGCTGG	395	78.23	5.05	0.000999
TCAGCGCC	394	75.98	5.19	0.000999
GCCAGCGT	394	75.25	5.24	0.000999
GGCGGCGG	393	80.50	4.88	0.000999
CAGCGCCT	393	75.48	5.21	0.000999
TGCCAGCA	393	73.03	5.38	0.000999
CACCAGCA	391	73.72	5.30	0.000999
TGGCGATG	389	73.05	5.32	0.000999
GCTGGCGT	389	74.99	5.19	0.000999
TGGCTGGC	389	75.13	5.18	0.000999
CAGCGCCG	388	78.53	4.94	0.000999
CGGCAAAA	388	70.69	5.49	0.000999
CGCCACCA	387	75.76	5.11	0.000999
ACGCTGGC	386	75.17	5.14	0.000999
CTGGCAGC	386	75.23	5.13	0.000999
CGCCATCA	385	73.40	5.25	0.000999
ACCAGCGC	383	75.35	5.08	0.000999
TGCTGCTG	382	73.00	5.23	0.000999
CTGGCGGT	381	74.72	5.10	0.000999
CTGGAAGA	380	71.28	5.33	0.000999
CAGCGGCG	380	78.16	4.86	0.000999
TGCTGGAA	380	70.51	5.39	0.000999
TGCCGCTG	379	75.55	5.02	0.000999
CAGCAGCG	379	75.54	5.02	0.000999
ACGCCAGC	377	75.27	5.01	0.000999
CGCTGCTG	376	74.98	5.01	0.000999
CGGCGCTG	376	76.77	4.90	0.000999
CCAGCGGC	376	77.99	4.82	0.000999
TCAGCCAG	375	72.75	5.15	0.000999
ATCCGGCA	375	73.54	5.10	0.000999
GCGGCGGC	375	80.62	4.65	0.000999
GGCGGCAA	374	75.34	4.96	0.000999
CGCCGCTG	374	77.77	4.81	0.000999
CCAGCAGG	374	75.36	4.96	0.000999
CTGGCGTT	370	72.97	5.07	0.000999
GCCAGCAA	368	73.17	5.03	0.000999
GCGCTGGT	368	74.79	4.92	0.000999
TGCCGGAT	368	73.10	5.03	0.000999
TGCCGGAA	366	73.06	5.01	0.000999
TGATGATG	366	68.19	5.37	0.000999
TCCAGCAG	366	73.08	5.01	0.000999
CAGCAGGC	366	75.66	4.84	0.000999
CAGCGTTT	365	70.49	5.18	0.000999
CAGCAAAA	365	69.39	5.26	0.000999
CCAGCACC	365	75.49	4.84	0.000999
GCCAGCGG	362	77.59	4.67	0.000999
TTTTTGCC	361	68.72	5.25	0.000999
GCCGCTGG	361	77.69	4.65	0.000999
CTGGCGGA	361	75.19	4.80	0.000999
ATCGCCGC	361	75.37	4.79	0.000999
CGGCGGCA	360	77.89	4.62	0.000999
CAGCGGCA	359	75.05	4.78	0.000999
CCGCCGCC	358	80.63	4.44	0.000999
AGGCGCTG	358	75.08	4.77	0.000999
CTGGCAAA	358	70.84	5.05	0.000999
TTTGCCGC	357	72.77	4.91	0.000999
CATCCGGC	357	75.50	4.73	0.000999
CTGGCTGA	356	72.88	4.88	0.000999
CTGGCAGG	356	74.79	4.76	0.000999
GCCTGATG	356	72.78	4.89	0.000999
CGCCAGAA	356	73.20	4.86	0.000999
GCGCCAGT	356	75.13	4.74	0.000999
TTGCTGGC	355	72.74	4.88	0.000999
TTGCCGCC	355	75.57	4.70	0.000999
CATCACCA	354	71.02	4.98	0.000999
CGCCATCG	354	75.46	4.69	0.000999
TTTCAGCA	351	68.39	5.13	0.000999
ATCCAGCG	350	72.87	4.80	0.000999
GCCAGTTC	350	73.24	4.78	0.000999
TGGTGGCG	349	74.64	4.68	0.000999
TTCCGGCA	349	72.70	4.80	0.000999
AGCGCCTG	348	75.65	4.60	0.000999
ATCCAGCA	347	70.88	4.90	0.000999
TTTTGCCG	346	70.62	4.90	0.000999
ACTGGCGG	344	75.13	4.58	0.000999
TGATGCTG	344	70.64	4.87	0.000999
CAGCACCA	344	73.49	4.68	0.000999
ATCGCCAT	343	70.65	4.86	0.000999
GTGCTGGC	342	74.97	4.56	0.000999
GCGCGGCG	341	80.08	4.26	0.000999
CCGCCAGT	341	75.69	4.51	0.000999
TCGCCATC	341	73.30	4.65	0.000999
TGGTGGTG	340	72.72	4.68	0.000999
TGCTGAAA	340	68.60	4.96	0.000999
TCTTCCAG	339	70.90	4.78	0.000999
AATCGCCA	339	70.73	4.79	0.000999
TTTTGCCA	338	68.56	4.93	0.000999
GCGGCAAA	338	72.88	4.64	0.000999
GCTGAAAA	337	69.03	4.88	0.000999
GCTGCCGC	336	77.71	4.32	0.000999
CTGGCAGA	336	72.94	4.61	0.000999
CCTGCCAG	336	76.39	4.40	0.000999
TATCGCCA	336	71.24	4.72	0.000999
CATCCAGC	336	73.25	4.59	0.000999
TTTTCAGC	336	68.38	4.91	0.000999
TCTGGCTG	335	73.53	4.56	0.000999
ATAAAAAA	335	62.34	5.37	0.000999
CACCGCCA	335	76.25	4.39	0.000999
CAGGCGCT	334	75.58	4.42	0.000999
TGCCGCCG	334	78.41	4.26	0.000999
CGCTGCCG	333	77.70	4.29	0.000999
TTCTGGCG	333	72.55	4.59	0.000999
CTGAAAAA	333	66.80	4.99	0.000999
CCAGTTCA	333	71.21	4.68	0.000999
TTTTGCTG	332	67.74	4.90	0.000999
CCGCCAGA	332	75.22	4.41	0.000999
TCGCCGCC	331	78.29	4.23	0.000999
TGGTGCTG	331	72.75	4.55	0.000999
AAACTGGC	331	70.71	4.68	0.000999
CCTGATGC	331	72.84	4.54	0.000999
TCTGCCAG	331	72.68	4.55	0.000999
CAGCCAGA	331	73.11	4.53	0.000999
TTGCGCCA	331	73.52	4.50	0.000999
CGCCGGAA	331	75.80	4.37	0.000999
CGGCAGCG	330	77.73	4.25	0.000999
CATCAGCA	330	70.85	4.66	0.000999
TGGCAAAA	330	68.61	4.81	0.000999
TTTGCCAG	329	70.72	4.65	0.000999
