13
4
10
14
12
14
11
11
15
9
10
7
8
12
9
7
6
9
9
8
11
10
13
4
9
16
11
16
16
8
11
10
7
12
10
11
6
13
12
9
7
10
9
4
13
9
10
8
10
8
13
10
13
12
9
8
15
15
8
10
11
17
12
11
8
10
17
10
15
11
10
16
10
8
9
5
7
13
11
8
10
7
8
7
11
14
16
18
7
12
10
12
7
7
9
16
8
9
6
10
9
16
17
10
14
12
9
17
12
7
12
11
17
14
8
10
13
7
14
7
20
8
9
13
7
13
8
10
12
8
8
7
5
11
5
13
8
10
12
10
4
12
12
9
6
9
13
6
13
10
16
8
7
11
7
7
9
9
11
9
6
11
16
12
13
11
11
5
11
4
6
9
11
9
7
10
16
15
12
13
9
7
11
9
12
6
7
11
11
12
10
10
10
14
6
10
8
7
7
9
6
6
9
11
15
12
7
14
18
9
12
8
12
13
3
10
10
7
8
14
9
8
10
8
10
17
8
8
8
12
10
4
9
3
10
7
7
10
13
11
19
14
14
18
12
7
8
13
6
12
10
10
13
10
8
7
17
8
10
10
11
10
10
14
6
12
10
7
8
11
5
7
14
13
9
10
9
10
14
14
8
7
7
13
10
5
12
10
9
7
10
11
8
9
6
10
11
14
8
12
6
7
12
11
15
7
9
16
12
7
9
8
6
11
13
15
11
19
12
9
8
13
4
8
11
14
13
16
11
8
9
7
9
6
11
6
14
11
10
11
5
14
8
9
8
7
11
6
7
8
7
11
12
9
11
9
14
7
9
7
3
7
7
5
11
11
19
12
7
11
14
11
15
5
13
11
12
9
11
13
9
10
12
13
8
10
10
3
14
13
6
13
16
12
12
11
9
5
12
11
11
12
11
11
12
11
9
12
15
9
14
11
11
8
6
11
11
8
9
11
14
9
9
7
5
8
12
7
9
7
8
8
13
9
10
13
11
14
11
9
2
10
9
9
7
11
11
10
8
7
7
13
8
12
9
11
12
8
7
9
9
17
10
17
8
9
14
14
5
6
10
10
7
11
7
6
5
16
7
11
15
7
9
8
7
4
17
15
12
5
13
6
6
9
16
7
10
11
13
10
11
8
10
12
12
11
7
9
7
6
13
13
13
12
9
12
10
10
15
10
10
7
6
11
15
8
12
9
13
16
10
13
11
8
9
11
9
8
10
9
7
7
13
12
12
7
7
12
14
16
6
12
10
18
8
13
8
12
6
13
17
10
10
6
8
10
5
11
8
16
9
8
14
6
9
12
9
10
7
9
11
5
4
13
10
10
7
6
12
14
11
5
12
8
13
10
10
7
13
13
8
8
11
9
7
16
9
10
16
9
11
10
14
9
10
10
7
11
8
15
9
11
7
13
3
16
5
12
11
6
13
7
5
13
8
7
8
12
7
13
13
5
9
9
7
5
11
11
15
8
14
9
10
15
11
12
16
8
15
9
9
7
4
7
8
9
8
7
5
14
9
15
19
6
9
11
12
12
14
5
11
15
8
10
11
8
7
13
17
10
0
6
13
11
14
12
8
14
10
12
9
6
9
8
14
12
12
10
12
4
5
9
9
12
14
7
16
11
13
13
10
10
6
9
12
13
5
4
12
11
12
8
5
7
14
9
6
19
9
6
11
10
23
9
10
9
14
5
6
10
10
13
9
14
9
10
9
13
9
9
9
9
8
15
6
12
14
8
13
11
6
11
10
16
10
8
9
11
9
14
12
9
15
16
11
6
7
14
18
11
9
11
13
12
5
9
15
13
6
9
14
12
13
11
9
11
7
14
11
14
6
10
12
11
6
13
9
11
14
15
9
8
9
6
13
5
9
11
12
8
7
8
11
11
9
4
6
7
12
8
10
18
10
6
8
7
10
13
10
16
9
8
6
6
10
9
16
12
6
12
11
8
11
5
13
7
10
9
18
14
14
11
11
13
12
8
6
7
9
9
11
6
9
11
11
10
14
15
9
8
6
8
13
17
11
6
9
10
11
7
7
9
10
11
9
10
7
4
10
15
16
10
4
11
18
12
12
12
8
13
13
11
11
19
9
7
13
7
11
7
6
7
8
10
9
11
7
11
10
13
9
9
7
11
9
12
7
7
6
12
8
15
10
12
12
13
12
5
12
6
9
9
2
7
5
8
12
12
13
10
14
5
9
12
13
13
7
8
14
8
3
13
11
10
9
15
8
13
10
10
5
10
12
11
5
12
7
8
10
8
