43
42
56
50
55
52
44
40
51
39
51
46
46
44
50
49
47
42
49
34
44
50
40
33
38
39
53
47
49
36
47
50
46
48
49
57
51
47
44
34
38
47
50
51
33
53
42
40
44
43
42
43
32
44
58
62
56
36
40
53
48
48
33
47
53
48
43
55
52
39
48
41
50
41
52
35
42
51
55
50
45
43
50
40
58
51
42
47
46
47
34
64
41
41
50
47
43
37
41
32
52
46
53
51
50
56
34
54
42
41
59
51
48
38
54
41
47
55
62
56
54
60
43
53
41
54
43
50
57
44
39
44
52
55
40
44
38
43
45
42
38
55
49
51
50
51
45
50
54
41
30
59
49
61
41
49
40
41
51
54
50
40
49
47
56
47
38
52
46
42
50
57
51
50
37
52
47
47
54
48
59
50
45
38
57
47
51
55
46
45
37
38
52
42
47
46
42
48
33
49
40
51
43
39
55
52
43
49
48
42
44
49
45
37
45
39
36
37
48
48
48
64
49
48
47
47
42
40
41
54
46
39
60
43
45
48
55
51
44
42
38
51
48
44
45
44
55
46
45
64
50
56
60
43
43
58
42
55
50
38
52
44
50
48
57
55
37
55
35
35
63
53
46
42
51
43
48
47
46
42
45
54
37
34
52
42
47
47
42
46
42
36
52
49
52
53
41
45
53
51
43
37
51
54
39
47
38
48
44
42
44
40
39
44
46
62
50
39
51
32
50
54
52
39
36
33
50
37
48
44
47
48
41
45
43
43
38
53
47
65
41
44
34
50
52
47
61
43
61
46
57
51
50
46
51
38
55
48
44
35
49
42
47
55
45
57
53
51
46
50
57
41
51
59
44
42
36
46
38
50
61
54
48
38
51
44
50
47
45
47
43
43
47
50
43
56
46
47
34
45
56
45
49
49
50
43
55
38
37
60
49
47
52
53
47
61
46
48
46
53
56
57
42
48
50
43
51
55
38
55
49
42
47
54
47
51
40
52
50
41
56
52
52
47
56
38
31
49
56
45
46
57
46
65
49
54
50
36
37
36
45
44
57
42
48
47
52
54
47
46
42
53
45
45
35
56
54
50
48
39
49
62
55
42
53
46
50
54
38
30
35
46
51
43
37
49
62
42
42
54
47
38
35
47
46
48
38
56
37
64
47
47
56
60
36
48
51
41
59
44
63
55
54
50
44
50
40
44
32
49
40
55
46
46
56
56
36
37
53
55
43
56
52
55
44
47
64
53
54
46
43
40
41
35
51
43
53
69
52
55
45
38
48
48
43
35
50
56
46
37
53
46
46
54
47
42
44
46
40
59
52
45
52
51
42
49
52
53
55
50
46
56
49
49
43
49
45
46
39
55
41
61
44
34
51
35
67
48
52
37
42
36
47
56
36
46
57
50
41
44
63
39
42
40
51
42
37
37
50
48
46
52
46
57
40
34
46
42
28
45
41
43
53
55
39
50
63
48
56
62
47
41
47
55
44
54
44
52
53
37
36
49
53
55
45
56
42
50
39
53
39
52
56
50
54
37
60
46
56
49
37
55
63
44
40
49
55
45
46
44
40
49
38
41
61
39
45
36
53
43
45
50
44
52
60
39
46
42
50
60
46
41
46
51
34
47
33
40
45
49
38
43
43
49
63
35
52
45
32
41
68
48
44
43
42
40
53
59
40
40
35
46
62
38
46
58
33
40
33
45
60
42
59
58
48
46
53
53
46
52
45
50
54
44
52
35
43
40
34
48
47
38
48
35
55
42
53
42
55
43
42
44
45
38
45
36
47
47
65
46
50
47
50
52
52
50
34
51
40
47
46
46
40
45
55
56
43
43
60
48
47
43
48
47
51
42
58
48
44
30
53
48
54
46
63
51
50
50
57
38
61
38
41
47
51
49
58
47
44
52
41
41
48
51
47
37
41
53
50
55
39
56
34
45
41
44
53
32
41
35
48
36
48
51
48
59
45
48
64
51
47
46
50
53
49
32
50
51
44
60
50
40
50
55
44
46
37
45
42
44
36
39
54
46
48
52
53
45
48
57
60
53
43
51
51
44
42
43
30
49
51
50
37
48
40
46
54
52
36
47
42
48
38
53
41
41
50
52
51
61
48
39
42
60
45
38
53
51
56
48
50
50
58
52
48
62
38
39
47
65
43
48
53
54
58
32
47
45
45
61
59
46
40
39
37
44
52
48
43
38
47
52
42
35
51
71
39
41
51
51
41
56
46
48
44
39
44
52
41
34
43
44
39
32
46
53
43
41
46
56
