347
304
303
312
304
295
282
315
282
268
253
292
317
281
262
289
333
297
301
314
330
295
286
315
347
289
311
352
330
320
278
317
317
322
314
332
278
329
307
282
293
292
267
327
316
306
330
251
325
338
340
259
324
286
280
315
291
305
299
284
279
269
309
295
293
324
306
354
290
316
317
360
288
261
326
317
288
312
252
288
315
325
296
310
288
302
278
338
341
329
319
320
367
307
333
322
323
296
304
273
275
298
310
326
280
281
321
294
287
335
292
332
281
311
307
313
298
305
356
288
290
342
262
320
326
318
283
280
326
314
313
324
308
305
313
261
303
303
309
277
301
297
283
275
289
275
264
292
272
245
292
338
316
258
300
247
342
322
285
335
338
284
242
321
275
307
322
285
327
309
307
279
285
326
309
353
346
385
370
330
306
310
331
333
301
332
291
262
315
258
323
268
283
345
325
294
265
326
278
295
302
283
310
342
314
310
318
288
291
346
321
277
300
306
312
272
258
321
298
279
326
275
276
296
305
309
342
295
301
250
347
297
308
282
270
277
314
316
297
322
327
282
287
313
288
320
316
323
312
296
301
279
285
301
296
292
312
272
325
267
339
293
317
317
320
325
282
280
296
275
277
291
258
316
280
307
276
340
319
261
274
289
271
326
304
323
340
291
307
287
316
257
299
304
273
322
325
322
333
311
294
285
310
303
303
298
275
318
340
284
305
311
302
283
276
298
299
290
271
278
297
297
316
342
317
309
302
320
290
301
261
318
332
324
261
333
271
331
304
326
241
307
319
310
302
305
318
319
318
318
294
306
384
287
297
241
292
291
293
299
286
294
309
329
287
296
326
353
338
329
297
285
324
264
314
285
295
304
280
305
266
291
315
284
265
285
357
344
300
286
324
284
257
342
329
373
363
260
321
282
351
274
270
288
299
291
274
286
264
318
272
313
302
300
293
312
304
271
318
318
298
311
284
294
294
266
311
346
289
300
333
311
317
290
312
286
279
283
283
289
314
296
311
332
317
272
308
266
301
337
326
286
294
322
286
288
300
323
316
302
296
351
270
328
319
293
269
337
273
321
299
330
317
259
350
357
335
279
299
329
318
340
343
297
334
279
280
307
343
272
316
326
317
357
265
263
298
277
328
355
292
313
297
311
249
254
304
244
286
278
331
285
269
354
277
307
303
276
299
319
324
265
308
294
323
288
268
329
304
287
356
278
334
263
313
292
283
276
340
310
296
277
265
281
293
315
300
297
342
317
309
344
303
336
341
298
297
296
272
265
287
319
309
290
324
334
318
316
356
313
316
351
335
322
303
312
278
313
261
312
315
334
308
289
302
265
293
259
292
243
300
359
227
249
317
282
342
308
297
323
298
286
299
280
344
287
295
311
318
273
321
295
303
287
304
286
328
316
284
255
287
287
285
364
257
342
284
287
273
285
280
297
338
305
282
262
288
324
303
357
277
349
325
327
349
275
309
302
292
281
325
247
334
297
295
311
340
326
265
354
301
310
340
298
309
312
328
307
309
299
335
306
295
315
301
249
297
317
303
259
289
313
311
259
285
348
270
373
314
267
282
367
253
277
299
250
276
295
331
327
343
288
283
326
317
307
248
331
298
311
322
294
317
301
288
313
325
275
305
285
301
305
280
307
295
307
317
297
273
287
357
281
307
285
281
332
296
311
326
304
313
326
334
302
296
329
323
283
335
304
300
310
300
298
328
290
314
316
260
312
325
311
279
284
320
258
333
271
260
311
355
295
306
303
283
301
335
341
329
302
333
286
301
320
286
345
293
327
297
331
285
266
264
297
298
320
318
317
327
316
319
300
309
255
281
288
319
246
273
292
250
297
320
301
334
302
278
272
301
303
347
328
296
306
327
252
339
312
335
301
296
283
260
316
300
293
270
333
336
276
301
252
302
267
282
306
295
283
306
299
361
336
297
323
286
267
322
296
279
290
306
309
279
303
326
315
328
334
261
260
296
340
305
304
342
256
347
279
337
262
315
311
300
298
344
252
272
311
284
287
316
281
330
292
294
301
320
304
288
294
294
318
299
300
283
303
307
298
316
241
320
283
289
283
264
326
308
304
280
258
301
315
306
290
301
301
283
305
299
283
280
296
301
296
325
296
340
269
306
312
305
283
286
290
309
307
259
287
352
314
323
263
321
283
321
274
318
297
308
322
294
308
327
267
280
270
290
252
308
295
324
292
331
292
329
265
277
330
248
286
260
340
271
340
322
282
311
345
269
334
342
325
321
308
316
324
286
274
293
318
