304
311
284
292
257
299
276
283
293
320
279
259
312
265
279
309
260
306
266
296
294
285
284
309
277
280
267
275
291
267
289
289
307
305
311
287
301
277
265
290
322
273
318
309
263
282
288
286
293
265
270
272
280
265
315
282
285
305
304
280
307
290
260
296
300
250
286
298
284
271
307
289
289
302
267
318
282
294
291
323
323
297
285
276
300
294
289
280
253
302
323
280
288
278
292
291
280
279
299
294
281
285
291
283
255
296
292
283
283
279
297
324
292
288
287
289
315
299
308
265
288
299
278
294
271
277
279
278
307
292
266
314
278
266
290
254
318
277
309
320
305
296
306
266
284
273
276
317
302
284
264
289
272
275
285
323
322
277
308
295
297
282
253
289
273
291
301
287
276
290
278
284
291
272
286
314
324
276
277
281
254
275
303
313
285
314
300
264
318
300
309
328
272
285
289
285
273
306
299
291
258
304
284
307
288
297
308
287
320
277
282
287
246
267
312
281
266
264
239
292
302
293
284
281
267
287
280
266
312
281
261
309
303
294
290
299
261
280
295
272
238
286
309
281
278
271
292
294
296
321
287
280
305
280
281
296
288
319
301
306
286
254
335
261
289
278
271
277
273
283
305
309
305
277
298
257
307
295
314
289
315
286
259
291
291
304
306
292
260
316
288
275
302
279
295
260
316
258
268
261
260
297
309
310
263
280
278
272
298
297
279
265
313
267
291
278
277
277
272
314
275
288
304
278
286
285
277
274
259
281
298
279
295
275
294
280
271
289
278
262
283
260
323
288
294
299
261
297
288
274
339
286
320
273
290
267
277
284
283
276
289
307
330
279
297
271
275
299
270
297
290
294
283
279
281
272
289
284
282
288
321
289
288
243
282
253
277
331
280
281
280
280
314
308
288
304
296
263
261
270
286
273
285
279
263
279
287
279
269
312
282
274
289
282
284
306
304
287
321
345
294
288
292
268
280
331
341
253
322
308
290
281
291
290
296
304
282
293
281
285
284
305
295
307
273
284
275
270
301
275
272
279
293
285
292
264
307
258
258
265
273
263
272
300
286
279
276
293
324
279
276
277
279
242
265
282
271
258
288
286
309
270
325
268
301
308
314
298
288
295
274
289
322
286
296
278
303
311
261
278
243
293
262
264
267
252
287
315
300
291
277
293
283
279
283
284
301
302
279
299
253
310
271
311
265
311
316
263
281
250
269
294
301
289
318
294
297
267
265
288
301
304
306
279
252
286
293
298
296
304
274
308
274
304
315
327
315
277
343
287
269
267
302
266
282
284
294
299
321
285
267
269
292
291
302
266
271
286
303
266
292
267
308
252
302
274
289
275
273
285
277
305
296
305
278
292
289
290
284
299
281
312
263
277
312
335
289
297
289
272
255
273
317
298
288
291
291
294
305
292
307
323
288
269
254
280
295
273
301
305
309
295
284
261
291
273
305
294
346
301
263
267
275
274
293
320
302
283
269
287
296
288
262
272
329
309
277
294
289
290
318
296
252
303
276
299
292
299
312
262
284
288
288
281
272
294
303
278
325
322
274
296
293
282
305
285
288
301
328
282
312
321
308
286
295
280
271
296
300
330
322
320
288
289
290
290
261
310
299
248
302
292
233
276
271
247
298
266
262
304
291
270
317
327
284
269
304
297
292
305
295
300
301
308
291
290
302
305
281
260
291
305
279
305
316
290
330
277
277
269
272
309
291
289
300
279
308
289
271
289
267
308
279
266
292
337
311
288
280
319
265
268
303
276
311
287
280
273
304
309
293
314
255
292
284
272
308
316
266
310
310
289
308
278
294
301
292
290
282
267
295
282
292
276
292
296
327
288
315
274
304
266
295
271
278
245
285
292
292
316
345
296
285
281
258
273
276
269
286
260
276
294
297
306
299
301
270
287
289
250
282
272
274
288
328
308
304
292
262
264
301
289
268
316
287
246
272
298
306
311
293
273
294
267
294
298
323
315
301
289
291
284
315
289
285
266
288
299
333
278
281
277
267
267
307
284
329
285
279
270
273
260
309
327
290
274
288
281
268
294
290
291
303
323
285
284
280
271
258
298
307
267
297
301
283
316
303
331
259
338
268
292
260
301
266
273
299
278
308
297
279
280
300
279
296
294
313
302
278
294
279
268
288
295
280
281
294
279
296
328
280
290
285
314
285
294
279
314
260
275
281
274
316
275
309
280
306
277
289
291
274
271
278
314
278
329
306
296
297
331
289
251
301
304
299
293
291
273
304
284
301
306
307
303
289
299
271
268
294
326
